0005829
0003677
0003700
0000062
0019395
0045892
0045723
0045893
0019217
0005829
0032993
0001216
0003700
0001217
0042802
0000156
0000976
0045892
0000160
0045893
0006355
0005829
0022627
0048027
0070181
0003735
0006412
0005829
0016020
0009295
0032993
0003680
0003681
0003677
0001217
0042802
0046983
0003723
0000976
0016458
1900232
0045892
0006417
0005829
0022625
0008097
0003723
0003735
0000049
0000027
0006412
0009279
0009279
0120010
0009279
0016021
0015091
0015344
0038023
0055072
0006826
0009279
0016021
0022834
0015483
0009279
0016021
0048037
0005506
0019904
0015344
0038023
0015643
0046790
0055072
0009279
0016021
0016020
0019867
0046930
0042802
0015288
0006974
0000746
0009597
0034220
0006811
0046718
0009279
0045203
0046930
0046872
0015288
0001618
0006974
0034220
0015914
0046813
0005829
0030288
0046870
0046872
0008270
0071276
0070301
0034224
0006882
0009279
0016021
0034702
0046930
0042912
0097718
0042802
0005216
0015075
0008289
0001530
0015288
0047485
0042910
0006855
0034220
0070207